1262
1262
1263
1263
1263
2042
2048
2130
2130
2131
2131
2132
12132
20550
20553
20554
20554
20554
21091
21093
26998
26998
30998
30998
30998
62130
62130
62130
62131
62131
62132
62133
62133
62133
70100
70100
82130
90100
90100
90100
-1
-1
-1
-1
-1
41921
50124
50126
42130
42132
50559
50559
50580
50723
52320
42043
2049
2049
41320
50120





























































































































































































